$ANSIBLE_VAULT;1.1;AES256
62396233303163663866323263643233356661393737643432343031356663363236663464613562
6135303431653666643639373833666262366235656164650a653333323633323935616164326564
66616631323739393263626230363166396565643532356335366362616266666332383764666532
6166663637383538370a653963393130376539326332363233313031623762623436656530333263
34393666623661303664613338383363326232383039623330633433353230333934363939363939
35336335316436393165633439616433353362313432616139363332333263633238343834663930
34326263343562623261346534313830653737313465333430313337303338346534326131623138
34643766356164636639623235376133373736326437303362346465306530633038646435376533
36366364316536653530396166643334393134336463386164363938393264396537383261623735
65323266363334383466386439363331326366333561636434356135323838616134376563306139
35613764653565396334656364316363613731663765343033383232376531393631386331356363
31353032393839653036323837373864333763646433356431303036643866666434646639623232
65353566333335623730393966643164343936316631376536346537303039303066313731376639
66383763323636393363333163393037666138383466653762626264343562363237356139373937
38653232386635313461656261306639313964616330353435373139636437333133626132393636
39373064396538666233653331633963313230376438333434346164323865623432393866636338
36623738616463326633333961643463646164303238333334376134303839613265363534333739
61643031333735646631303762623462653164323337363432323134353963313962356562616633
31623566366636363365386463353763333432646263313766363737323933323361313537356639
64633065336564363930653437303165393766323137363862343334343966343766353762336164
35396438323465653733623633333035333230656634633266353030613030303031363964383463
33353337363839623836663937343266363539353232313362343163333634343562363234383838
66343636613364666435333962653935613934313436363563303430653436646636316132663865
31316363393430393933333363356233396231386465663530613337636432333439663435386339
33653065363433383636373231353131613662633062666236323762343137323464303830613662
66323563653637646138346662616432353661633664613465653736343965396163366262646438
66393231306430626539393733613039633034333935336635316465663930303663393339373234
34396339626266666239616632383661356562623038663438383337633430663165663065656436
63343132616131386435306331393639346130333533343961383461313063663436393236663730
65393334343039356162613838343036383461653261396334333033643465653565343265666534
66653933626566396437396632666632383035326163656638343430303664353563636363636333
65626466393633623635333932316232396537633431363965623630623163633365326639363136
35393638633762383030643539323738636337336663303164663838373435623030326337346363
37626336356232653066656166333237393036636461386138306665366530333838363563636363
34373637656135613733643334336433303035313866613966313539386630623164663335393438
66366232333838323835336236626463626533386235366566346630396337333732373736383631
30636337306438353561666163656464653835306334336339336636343961326664373137653137
38333534376435623430623634613161353333346334343362343138373261396635653961333866
36373737613566316136353462663031353434643932396464336661303036616162653031613631
34373865386535336430393332383264356164306531653530313839333739373033323034306631
63313664616539626336303964623832633364363231636230393439323461333039663533373639
34646162353661616664653737313562663833366137326539323065313863353738653331353336
64343362386366326235616537356130666338636434653466623437353933373433623266326331
35666662333065343762623063653838353765653833396437366139323462633036636165396436
32363366623836326364363838373836373930623565343762306237656466393232663266303430
65643532336639313962376432613638396433613738373938333962396334613637636235653739
30346165613961386438623639306365393631326333633561366432303031653766313733316266
34396661393331656238663831636464373430623363353031633432333164333531656465653136
33373761333638643831633337663634383533313932666430313531396661636634373764333336
64353034623131663664363565313766636364373234663136303134616231653631623939393539
36316139333533333266626163623038646130306363666661633533323532626262393730626261
65386666313562613231333133363666343539306432306665383831346562656238353537663434
66643062346265393836663634376231393862393236386164343066643436383263333238333239
32623033396330333335666338323735343263366137383032336436303838393366316535343866
30356230643336343562396266626538306462373638353233333666636237616430396635383934
61393062376264656533613666663335653237626432333563353833633630383433363139313162
63353437303537623164386665363261663433333730633261323161653937666332343834613166
31326665323462343733316562306238343736306637616663326561303166393539663162616261
33396539646165633932373430313739393037376535326530376339336138303736333334326166
31356538323736363438366134623436366563363466343732643966613833653138616166313433
65383237626437383639373632306333336134333336383062623964313762663064346664623363
35333033656433326465623237646638663163636663656363306434356633303161663338306663
32646138623936663033656364646561666438386436633634326535356334336364363837396163
31373233613362386335353035303136626665373439306633356238326461653737323039343031
63623262396464303137633666316166666461306239383434663434343735326531326138633738
31633365333834333066663662316232303130326435393566393637356263373036383761613635
35393538303639323831353165316139393932613936336263636165356433343664363034663635
65646161666536633134656536313233353961623735353634323434353262636566383164623566
33636566623366386635653131323532396536303662616337396466313636396434663138616362
32626539343733336433623638643865386535653733363161646132396637366637636163363730
30333833613432646532663532656133646665613030363931363431323232353863363332643964
62653933663965643337313131323838393536303831363132363936313332633266343063643163
62343638373561313863333231373339633038613763366663373865613631363632623366633136
35643738373836373132623862636463303339636564636435656139623162316139353564356532
62383038323164343138363934353736653033383131643562616433643738323733616264373532
32653536386134376638643861356162386539326631646634343466366164613431306134636139
34626665313262396265353838303563613834616265613332616332333332613134343035346266
39663030383234343334383761643761376561333861326431626366616632393530373738333334
33626437656432333662366262623132356266323435393063363066313963393061303761383464
30386633316565316562653330316531653130633631326239366433663137363464343939646337
30346561363264636562336130616431376538616331333762336534366631303465633033333337
66376564623664303231663632636233303233653762626463386238376632303965666166393934
66363437666333393431393631306238363262316563666131323639333233333466313965643139
63373638666336373965366639393065626462623036316561366163313738326632333030383761
65643533336565653632366430366434386131323932303765613063396264653337316138613234
64663138376237303464393666346139666330643637663336376435323830366664336662346663
34343133333134386636653166386330356537396362373330616536306464383234656465393561
37333730396336663130663031666631653737623836363833633836323434383033353137396336
63323833646663623762396263326661373736373439376564626335663562373863623837333238
37373335353730303531623030623066373830313131633635363062373237643533636336613638
32643132666432623039663137306634663530346135623331353534326636343662666436366330
33356463666263643835323964366465363661653631386338633331383064383838656338336433
3661
